0 0.900000 128
1 1.439234 205
2 1.733667 247
3 1.649633 235
6 0.193251 27
4 1.225281 174
5 0.653258 93
7 0.054093 8
8 0.298959 42
9 0.816685 116
10 1.372235 195
11 1.713399 244
14 0.734173 104
15 0.242941 34
12 1.685298 240
13 1.300687 185
16 0.050000 7
17 0.242941 34
18 0.734173 104
19 1.300687 185
20 1.685298 240
21 1.713399 244
23 0.816685 116
22 1.372235 195
24 0.298959 42
26 0.193251 27
25 0.054093 8
27 0.653258 93
28 1.225281 174
30 1.733667 247
29 1.649633 235
31 1.439234 205
32 0.900000 128
34 0.066333 9
33 0.360766 51
35 0.150367 21
36 0.574719 82
38 1.606749 229
39 1.745907 249
37 1.146742 163
42 0.427765 61
43 0.086601 12
41 0.983315 140
40 1.501041 214
44 0.114702 16
45 0.499313 71
46 1.065827 152
47 1.557059 222
49 1.557059 222
51 0.499313 71
50 1.065827 152
48 1.750000 249
52 0.114702 16
54 0.427765 61
53 0.086601 12
55 0.983315 140
56 1.501041 214
57 1.745907 249
58 1.606749 229
59 1.146742 163
61 0.150367 21
60 0.574719 82
62 0.066333 9
63 0.360766 51
